TDID_GEN4GMU_04TO_210000:  0.355914853998  0.0154284134103  0.514882548146  0.737871939983  0.0531838600654  0.149269419244  0.766842852498  0.611536656247  0.344679019232  0.265426680515  0.364544982738  0.0913970218989 

TDID_GEN4GMU_04TO_215000:  0.337279218488  0.0279717597512  0.424187744688  0.448478370008  0.126157346301  0.203418788337  0.732910057164  0.587570804037  0.3436050089  0.363060295997  0.368969121817  0.083742106371 

TDID_GEN4GMU_04TO_220000:  0.3460006303  0.0558512970898  0.483491508425  0.711694899536  0.0381989055178  0.143637144809  0.558763514319  0.56108739462  0.335122337132  0.314204912667  0.405766891902  0.198188127279 

TDID_GEN4GMU_04TO_225000:  0.38411799409  0.160563975579  0.61368273728  0.613595745417  0.0988341131065  0.0406888712396  0.72617968009  0.618380475489  0.514383324436  0.371794792021  0.296810937566  0.170383282764 

TDID_GEN4GMU_04TO_230000:  0.31819941939  0.0558046152707  0.339075738245  0.501638721753  0.163789635083  0.138695171195  0.67616366651  0.631999140312  0.251601645522  0.378088409779  0.336123805309  0.0272130643138 

TDID_GEN4GMU_04TO_235000:  0.294243353444  0.130451229121  0.380561520684  0.674184959431  0.0139432702718  0.115361985072  0.676300445177  0.459264766601  0.213654266905  0.244741952162  0.270736574152  0.0574759183058 

TDID_GEN4GMU_04TO_240000:  0.333404476891  0.0922560229185  0.440832602026  0.675783961122  0.0637636987812  0.211103574071  0.723568062347  0.57616847707  0.244744189323  0.287630689633  0.23104616396  0.120551804547 

TDID_GEN4GMU_04TO_245000:  0.38654288707  0.0976838280613  0.308420803773  0.577234444342  0.190069980922  0.201860323575  0.678900070549  0.667098367774  0.512083274877  0.42954486509  0.420973024871  0.168102773932 

TDID_GEN4GMU_04TO_250000:  0.375764571612  0.0559998546098  0.478171859333  0.549541706348  0.189862601584  0.327198562672  0.610396286675  0.646114896863  0.343165961957  0.585693189908  0.29004228146  0.0572230863242 

TDID_GEN4GMU_04TO_25000:  0.250212162571  0.34429788761  0.379834489951  0.330134679975  0.010557822819  0.0940577151112  0.454734615561  0.394110278932  0.0520661962683  0.399872014888  0.26669942749  0.0259686596713 

TDID_GEN4GMU_04TO_255000:  0.308783020577  0.0304361112729  0.406150586917  0.743984567364  0.0690381036126  0.171812912257  0.654361796798  0.567343456684  0.0780784810622  0.321909317512  0.278368488573  0.0751294043002 

