TDID_GEN4GMU_01TO_100000:  0.342031298769  0.00997927712421  0.452120308117  0.634992957182  0.171314177715  0.174418321937  0.838714409088  0.415163858027  0.0864362187383  0.637462310133  0.298538225884  0.0432042225181 

TDID_GEN4GMU_01TO_10000:  0.16276290754  0.0888971930871  0.26519503958  0.175779330156  0.0201228484985  0.00904144476121  0.175887301344  0.27461002898  0.0772936642445  0.38737160628  0.301585092252  0.0146084337552 

TDID_GEN4GMU_01TO_105000:  0.246863667532  0.00766291043807  0.328943224526  0.327177321637  0.0884097799263  0.14588206708  0.611801082396  0.577408748675  0.110638245623  0.387673858891  0.0788956833186  0.0510074203353 

TDID_GEN4GMU_01TO_15000:  0.244550205942  0.0394003607568  0.570211154107  0.190859194737  0.0606472710172  0.0121983229644  0.578815302053  0.329113221717  0.055722260692  0.404691432693  0.352242048701  0.096151695922 

TDID_GEN4GMU_01TO_20000:  0.271720583311  0.0247457086547  0.508651878057  0.207935540982  0.103289733683  0.249769225208  0.417983815938  0.330806890368  0.241752336983  0.535347521328  0.320552335807  0.0480914294112 

TDID_GEN4GMU_01TO_25000:  0.28450135  0.0140942630897  0.572556280284  0.248226857432  0.0912879146758  0.139889499477  0.581490070408  0.449060323813  0.217729838979  0.505237243062  0.25087853938  0.0590640194052 

TDID_GEN4GMU_01TO_30000:  0.27525513839  0.0140749411617  0.604384844713  0.581049707757  0.119560935636  0.132251950682  0.293016953722  0.383935806107  0.196175354651  0.448076911751  0.217887039755  0.0373920763581 

TDID_GEN4GMU_01TO_35000:  0.274533644193  0.0215750206638  0.556371710101  0.330610104541  0.0468594327472  0.211299952348  0.369776780597  0.514124744944  0.262604813652  0.498359565982  0.194119350654  0.0141686098954 

TDID_GEN4GMU_01TO_40000:  0.347972908581  0.00951150733903  0.56405020202  0.703386288957  0.184718916066  0.0511920823251  0.47713436603  0.486123274764  0.231491082547  0.654246120844  0.420095940271  0.0457522132258 

TDID_GEN4GMU_01TO_45000:  0.349950826295  0.0288566508132  0.600691735044  0.597988452791  0.167488697782  0.0871104343915  0.660825062522  0.500578150372  0.270789738046  0.430635091395  0.407662938763  0.0968321373274 

TDID_GEN4GMU_01TO_50000:  0.198247168133  0.0185416821571  0.484355840307  0.238641526719  0.0296817605066  0.0540098303607  0.29390095142  0.374089898802  0.033410125206  0.389903859356  0.178899030805  0.0852843438207 

TDID_GEN4GMU_01TO_5000:  0.0184882525289  0.000407167678153  0.00172191132157  0.00355040647718  0.0  0.000823643689694  0.0101433561574  0.163418417662  0.010832085255  0.0100401140817  0.00243367549559  0.0 

