TDID_GEN4GMU_04TO_160000:  0.366761657217  0.285130497546  0.552569025011  0.711175478353  0.0395980765247  0.0853916857258  0.571725884058  0.48961623011  0.381054578335  0.512494493772  0.374544080935  0.0310781990209 

TDID_GEN4GMU_04TO_165000:  0.351040101481  0.148944898942  0.599997625087  0.650537283803  0.113639744106  0.170884848325  0.690139914503  0.626289479346  0.0928100262501  0.484152783827  0.210662962178  0.0733815499254 

TDID_GEN4GMU_04TO_170000:  0.389674930209  0.100770863176  0.639878164122  0.753463817545  0.250948212549  0.112099122211  0.778282623273  0.620454032167  0.22562207069  0.279367450316  0.357818049605  0.16771982664 

TDID_GEN4GMU_04TO_175000:  0.31021855285  0.15011547333  0.446940540483  0.539448577921  0.0566685030627  0.213976277911  0.223637286636  0.602025640135  0.15584932365  0.611024180266  0.280478969497  0.132239308452 

TDID_GEN4GMU_04TO_180000:  0.365090508565  0.119938676812  0.611802875933  0.762782735388  0.0468089326973  0.244698133771  0.679652893785  0.547052192512  0.119648668423  0.476429938861  0.359720104348  0.0474604416826 

TDID_GEN4GMU_04TO_185000:  0.379611400645  0.229851681019  0.140141145162  0.705029827024  0.0355232900393  0.246041222443  0.742292080994  0.645669206053  0.450308928601  0.538327524424  0.344258938298  0.0982815630354 

TDID_GEN4GMU_04TO_190000:  0.337571895379  0.0393241723067  0.565355299156  0.691695543746  0.0127680626728  0.153754866566  0.585601297491  0.607070440348  0.38852951262  0.437809430463  0.222486755782  0.00889546801472 

TDID_GEN4GMU_04TO_195000:  0.360862046288  0.141940560326  0.500857033731  0.711790523469  0.111862938351  0.23077874558  0.60773398193  0.627188712675  0.138873200112  0.547322735987  0.303870622281  0.0472634547252 

TDID_GEN4GMU_04TO_200000:  0.338081763494  0.0359739741238  0.608744212097  0.540190516547  0.114000985941  0.119327605489  0.763597483582  0.637248196686  0.123978252999  0.443478208973  0.283865718408  0.0484942435848 

TDID_GEN4GMU_04TO_20000:  0.205072225773  0.141962552754  0.362556873694  0.42763418999  0.110512993524  0.0390143774521  0.452049914206  0.348900127004  0.0768889794593  0.26106708969  0.0169059651316  0.0183014205953 

TDID_GEN4GMU_04TO_205000:  0.335789533407  0.168271297647  0.601597733501  0.608179019269  0.0405132186395  0.125690612467  0.590904826885  0.59401910279  0.211998371212  0.425236899553  0.235195769535  0.0920780159753 

