TDID_GEN4GMU_03TO_10000:  0.19693014104  0.104682340206  0.351029504744  0.138295310754  0.0496661298728  0.034954243216  0.459908642393  0.294289094834  0.136506532297  0.365398981456  0.214033773026  0.0174669986432 

TDID_GEN4GMU_03TO_15000:  0.237525858605  0.0887623728713  0.519866948977  0.441477616123  0.136199920475  0.0158470715018  0.316127797471  0.33175696202  0.258682209087  0.385294972063  0.0685002571252  0.0502683169362 

TDID_GEN4GMU_03TO_20000:  0.194608431765  0.0395528480643  0.265608273161  0.407308860711  0.0849983395556  0.0693254383432  0.341190677927  0.344155507957  0.0692236946326  0.330817001716  0.181637735436  0.0068743719126 

TDID_GEN4GMU_03TO_25000:  0.216528984648  0.0276524028486  0.216696639911  0.436010252231  0.0352502589287  0.128234593112  0.331036954504  0.454979024185  0.26755547663  0.351411961872  0.121634844798  0.0113564221117 

TDID_GEN4GMU_03TO_30000:  0.185694654039  0.00975912484004  0.356572812707  0.347777805942  0.0144606771002  0.0416990585373  0.429170597968  0.38153304192  0.0285033435113  0.335171642461  0.0918030318826  0.00619005755671 

TDID_GEN4GMU_03TO_35000:  0.286990039201  0.0474066858206  0.257631867907  0.625175140232  0.286972954566  0.0922597197959  0.532590325667  0.500246096415  0.0886732018281  0.388663643118  0.142384952785  0.194885843078 

TDID_GEN4GMU_03TO_40000:  0.309532439911  0.0630762972757  0.238392871561  0.63527009587  0.106768500159  0.13636718986  0.623745145967  0.603673503099  0.128822539294  0.365828101431  0.36747171246  0.135440882047 

TDID_GEN4GMU_03TO_45000:  0.249483673775  0.0159776065919  0.375829536465  0.624723036938  0.0280503424816  0.224279705469  0.621655832269  0.298457318422  0.114583547666  0.282427845554  0.107168191926  0.051167447738 

TDID_GEN4GMU_03TO_50000:  0.273795858266  0.0127982581033  0.655648758437  0.545856329352  0.0112830796246  0.177268462461  0.66930891467  0.384466072821  0.0720291815774  0.364121657075  0.0711664954105  0.0478072313908 

TDID_GEN4GMU_03TO_5000:  0.0201896087674  0.00394630210352  0.0466401903182  0.0618003586164  0.00208496058117  0.003300330033  0.0425156545852  0.00940762418693  0.0268841481753  0.0191781006851  0.00554245300745  0.000785574148995 

TDID_GEN4GMU_03TO_55000:  0.299868576233  0.0320855807348  0.53864122301  0.688523408344  0.0745643803645  0.237258122061  0.526836242081  0.518937019178  0.11833043163  0.401949854022  0.147034284576  0.01439379256 

