TDID_GEN4GMU_04TO_110000:  0.3338205532  0.0368967905604  0.466969807359  0.634968140933  0.0205882962529  0.107592139806  0.664993539616  0.561406107408  0.264909073857  0.445603900087  0.424402649988  0.0436956393363 

TDID_GEN4GMU_04TO_115000:  0.275546375728  0.0427321659081  0.389944806934  0.532721239436  0.100353080518  0.205886403306  0.578746451102  0.525535528303  0.0475269794567  0.420924239378  0.174172010909  0.0124672277528 

TDID_GEN4GMU_04TO_120000:  0.334674623679  0.166222640531  0.558484089054  0.682032536239  0.0401705174843  0.204444699425  0.530662378602  0.54090802754  0.221588761445  0.476520308495  0.240103976061  0.0202829255896 

TDID_GEN4GMU_04TO_125000:  0.250957163285  0.0640627857664  0.315939602835  0.559725074818  0.080473103668  0.0252989878119  0.499343878108  0.52962690815  0.21973206253  0.189980809268  0.219643078159  0.0567025050218 

TDID_GEN4GMU_04TO_130000:  0.320460725684  0.0891791224607  0.679707910236  0.607358064127  0.0319194981633  0.25071752672  0.513456118271  0.584703724411  0.36623758632  0.267629565519  0.104777072587  0.0293817937102 

TDID_GEN4GMU_04TO_135000:  0.30078001858  0.128641863806  0.468576289071  0.708459524944  0.0172528115164  0.128127280733  0.603556660907  0.463791995499  0.180985358403  0.232987987125  0.30069234575  0.0755080866308 

TDID_GEN4GMU_04TO_140000:  0.361873179948  0.253429982964  0.39721005892  0.63940667899  0.0692055529488  0.148282958005  0.638287644616  0.525590120731  0.342049194334  0.53929666547  0.376782800495  0.0510633219587 

TDID_GEN4GMU_04TO_145000:  0.341038351176  0.0692447795271  0.362918959445  0.624222058422  0.132350633714  0.125703023982  0.637789783893  0.558793307299  0.388725684806  0.523783864892  0.264713053895  0.063176713062 

TDID_GEN4GMU_04TO_150000:  0.349468859984  0.0379420210921  0.323952756744  0.722637908402  0.139701957125  0.183414079891  0.67976600839  0.506221887134  0.259495725063  0.57124069552  0.335000393042  0.0847840274216 

TDID_GEN4GMU_04TO_15000:  0.208578044702  0.137487194435  0.0992565439608  0.319651053864  0.109871196602  0.0836759505621  0.533249638503  0.308950383263  0.0378907741777  0.402080273247  0.253415921149  0.00882956195382 

TDID_GEN4GMU_04TO_155000:  0.301673337573  0.191746358193  0.418595243359  0.57696471  0.0262671502547  0.131878784903  0.640286343278  0.534419317149  0.102891258149  0.316695883531  0.328577478498  0.0500841859894 

