TDID_GEN4GMU_02TO_105000:  0.347996599134  0.0200891130541  0.579386594155  0.546789393498  0.28898277577  0.0686175419913  0.689645240484  0.506824640184  0.207260831916  0.583061424345  0.325558884825  0.0117461502528 

TDID_GEN4GMU_02TO_110000:  0.406868703778  0.0405508069167  0.664169068121  0.82289469064  0.150053974887  0.0865197538289  0.746649581075  0.612686475452  0.244465980858  0.633982537041  0.339211537683  0.13437133506 

TDID_GEN4GMU_02TO_115000:  0.419057497042  0.0325406467995  0.582565304317  0.716454736014  0.039806749736  0.292525344099  0.785615095076  0.527795345508  0.482166751607  0.692267644471  0.406145021278  0.0517498285538 

TDID_GEN4GMU_02TO_15000:  0.168992654478  0.134245599394  0.388275802252  0.37515932329  0.0468967673205  0.0631937192771  0.277644586946  0.183196367284  0.159456778975  0.116068299981  0.0920315509398  0.0227504036048 

TDID_GEN4GMU_02TO_20000:  0.251474810696  0.00823173309033  0.183302626595  0.35513847476  0.12761694137  0.155740470255  0.4677257306  0.566909955011  0.164515883755  0.449480462435  0.236558686302  0.0510019534837 

TDID_GEN4GMU_02TO_25000:  0.261765769045  0.0210802872143  0.343480118738  0.560750402996  0.0520829037878  0.103551172981  0.490503715916  0.411283293589  0.0981927406233  0.344799868466  0.42511709906  0.0285818561269 

TDID_GEN4GMU_02TO_30000:  0.302363090097  0.0530510137904  0.543554159167  0.477668323346  0.195131929815  0.130566441709  0.559901694863  0.470883890946  0.0972782786516  0.359184659777  0.397964776899  0.0408088221081 

TDID_GEN4GMU_02TO_35000:  0.305647548238  0.0241296569064  0.55383043244  0.592840209827  0.0312327967713  0.125686693933  0.453554779346  0.403060594166  0.202858739184  0.518175721696  0.374764939206  0.0819884671421 

TDID_GEN4GMU_02TO_40000:  0.303279958088  0.0523287909516  0.625345262295  0.714530129477  0.0582319815834  0.164152501297  0.62941669559  0.474141599187  0.100109017705  0.316231702334  0.173535355937  0.0280565026155 

TDID_GEN4GMU_02TO_45000:  0.254887375692  0.0272607790984  0.373316056407  0.617066686172  0.0736180901904  0.0683672603297  0.543911688614  0.464676962691  0.06410039112  0.288351322749  0.207055758312  0.0760361369271 

TDID_GEN4GMU_02TO_50000:  0.354378386943  0.0762864428515  0.623467911388  0.594924080047  0.188479988596  0.125042078527  0.558266960963  0.673013748282  0.268358770087  0.33215130338  0.354396803242  0.103774169006 

