TDID_GEN4GMU_02TO_5000:  0.00213787503904  4.56026652803e-06  3.98109774789e-05  0.000575334871047  0.000521104742053  5.3809728799e-05  0.00335429711619  0.0182572857396  2.37576247127e-05  0.000228055150529  0.000300030003  0.000158579209433 

TDID_GEN4GMU_02TO_55000:  0.278659095373  0.110230256816  0.260110108634  0.648211810719  0.104173693565  0.129128539649  0.131637319384  0.587678213839  0.242643261659  0.605395885514  0.18477139663  0.0612695626917 

TDID_GEN4GMU_02TO_60000:  0.273084356332  0.0763323807361  0.573892834819  0.286605467083  0.231977266524  0.0552312804613  0.640090175861  0.538071771466  0.0997620976621  0.28887788939  0.0692345308948  0.143852224754 

TDID_GEN4GMU_02TO_65000:  0.393985146178  0.115994223438  0.698890020615  0.811895520527  0.251888984464  0.316123577821  0.664111747954  0.52813652891  0.140445842974  0.451213235798  0.268294037359  0.0868428881025 

TDID_GEN4GMU_02TO_70000:  0.308570972328  0.129908340436  0.50369683716  0.790329259103  0.0410014417962  0.0375023666743  0.517344212315  0.241275769843  0.0575052956042  0.642743056258  0.387269573272  0.0457045431518 

TDID_GEN4GMU_02TO_75000:  0.320295512665  0.0326908909247  0.402590888433  0.724216914637  0.214879062109  0.181487059321  0.640551146588  0.525494308924  0.0396723198089  0.343323547179  0.273724435115  0.14462006627 

TDID_GEN4GMU_02TO_80000:  0.414028445235  0.0445653198852  0.744298329985  0.717943737577  0.182892639047  0.16778587733  0.768935539819  0.533065787631  0.447872203469  0.52244601526  0.362152019778  0.0623554278039 

TDID_GEN4GMU_02TO_85000:  0.303380452454  0.0588339714508  0.510108329145  0.727885739922  0.0412557371788  0.0794825666251  0.681683504981  0.533480238972  0.114550088678  0.413579101245  0.0923066975203  0.0840190012823 

TDID_GEN4GMU_02TO_90000:  0.331212351307  0.0344842248582  0.417600242582  0.411779151823  0.298410841012  0.211014409142  0.577935209314  0.530054920134  0.22445133162  0.410893730735  0.383293586212  0.143418216947 

TDID_GEN4GMU_02TO_95000:  0.276652630433  0.0262027061809  0.549435127023  0.667826174178  0.0939869382572  0.0583629386588  0.660117992105  0.512836559108  0.0435937958573  0.285352551198  0.13049022581  0.0149739263889 

TDID_GEN4GMU_03TO_100000:  0.335737536972  0.0297117424706  0.547016095567  0.730776522636  0.0458212030478  0.0864461951893  0.582984612772  0.44727871526  0.291487189567  0.517048407787  0.364553085881  0.0499891365113 

