TDID_GEN4GMUONLY_05TO_40000:  0.453041753379  0.6761577707  0.693444605321  0.304720238387  0.290087062632  0.300799089858 

TDID_GEN4GMUONLY_03TO_50000:  0.472605156385  0.433282025047  0.723427948872  0.338138834968  0.524490178076  0.343686794962 

