TDID_GEN4GMU_03TO_60000:  0.369987983366  0.0114777348839  0.562707499968  0.643056060131  0.396938817499  0.175810019088  0.77774336716  0.521887028348  0.358898780333  0.486460176009  0.121246444351  0.0136418892568 

TDID_GEN4GMU_03TO_65000:  0.347165193254  0.0260681142047  0.532050388945  0.731801573297  0.0632617064113  0.129713482231  0.706239969841  0.585608092916  0.308231592121  0.431902903172  0.290409931086  0.0135293715671 

TDID_GEN4GMU_03TO_70000:  0.390779608575  0.117351219861  0.544272896722  0.717615686426  0.207458107041  0.124396507866  0.760209548235  0.668030295181  0.194346925389  0.671646764806  0.270491982778  0.0227557600204 

TDID_GEN4GMU_03TO_75000:  0.291348995838  0.0657348094237  0.274278072811  0.601390144692  0.0418803729307  0.0934792098955  0.717598321609  0.546929420859  0.146659882249  0.31446602449  0.197610721755  0.204811973504 

TDID_GEN4GMU_03TO_80000:  0.234752117617  0.0374630925844  0.360893206368  0.478214359806  0.0323338410708  0.119713740111  0.515719304747  0.32000211495  0.222300542911  0.288083478192  0.135083731554  0.0724658814937 

TDID_GEN4GMU_03TO_85000:  0.245032074921  0.0761915023137  0.149574507879  0.57311644542  0.157030264943  0.0678610672389  0.20796191003  0.552228479142  0.22592895033  0.58664064069  0.0783579256397  0.0204611305087 

TDID_GEN4GMU_03TO_90000:  0.283274678814  0.0465784708418  0.136781814552  0.646226536267  0.0893042878747  0.160814132842  0.626575206856  0.534501695002  0.268536626829  0.322314785581  0.26191872952  0.0224691807937 

TDID_GEN4GMU_03TO_95000:  0.355416304977  0.00365017740952  0.524554827656  0.741953077239  0.0800314759822  0.172954950377  0.774336587686  0.649477475515  0.328299629038  0.264014827429  0.214660819897  0.155645506521 

TDID_GEN4GMU_04TO_100000:  0.306640984777  0.0494194570848  0.437549903294  0.602229046938  0.0508101003722  0.193604409046  0.696474220297  0.545578503497  0.299334154857  0.194373625257  0.197650101043  0.106027310864 

TDID_GEN4GMU_04TO_10000:  0.203052726885  0.0368815844671  0.241825509376  0.405518640574  0.160805558123  0.0422848290809  0.401904310319  0.285218380146  0.180643817129  0.326844118269  0.104732171392  0.0469210768555 

TDID_GEN4GMU_04TO_105000:  0.283608324876  0.103265260918  0.449973102282  0.539996409129  0.0552614096555  0.0561242075439  0.545040561877  0.456018528759  0.202747090504  0.550258855716  0.135092457211  0.0259136900375 

