TDID_GEN4GMU_01TO_55000:  0.268671775092  0.00837271269455  0.59754672348  0.465447033697  0.19323180649  0.075757944114  0.679687904866  0.378523458823  0.031443688016  0.43987468319  0.0730277301002  0.0124758405451 

TDID_GEN4GMU_01TO_60000:  0.29896241047  0.0352187063735  0.487834611928  0.450646667546  0.0403807710765  0.161019370772  0.543927958537  0.423885978658  0.126821905596  0.61675676513  0.361016895578  0.0410768839804 

TDID_GEN4GMU_01TO_65000:  0.311478552844  0.0362278567632  0.570603931418  0.699751961624  0.113014948953  0.0898419148091  0.667292819518  0.544079183233  0.0525722246628  0.387084705024  0.2121637657  0.0536307695814 

TDID_GEN4GMU_01TO_70000:  0.338725554945  0.0173370736154  0.544463127545  0.740603595314  0.0912508858496  0.190644325776  0.637617452619  0.484108826923  0.0500704417692  0.544170852862  0.351471808653  0.0742427134706 

TDID_GEN4GMU_01TO_75000:  0.342732196021  0.0455989687601  0.706993591319  0.509053841931  0.133545269245  0.0969965367694  0.68010042674  0.504859583286  0.196376549947  0.569416061487  0.272750882404  0.054362444342 

TDID_GEN4GMU_01TO_80000:  0.394866064682  0.113104273324  0.72535718745  0.722422701902  0.103816647227  0.153271737431  0.766142971751  0.531288540844  0.234417765179  0.522625148273  0.408198956618  0.0628807814971 

TDID_GEN4GMU_01TO_85000:  0.367067990047  0.0157061878941  0.721088766171  0.553689546751  0.25378879154  0.022038547132  0.676647293644  0.580619445019  0.211522191955  0.630992336139  0.230279242887  0.141375541383 

TDID_GEN4GMU_01TO_90000:  0.316610113793  0.0185082946294  0.373347910956  0.505441991138  0.0279096969151  0.28257866794  0.693503394344  0.606504434642  0.142583060835  0.506524338096  0.276320043662  0.0494894185647 

TDID_GEN4GMU_01TO_95000:  0.379013400261  0.0150896417847  0.653172808421  0.64954818644  0.166606966936  0.276041487369  0.748004148424  0.562460677145  0.366419453805  0.501000995254  0.200579281367  0.0302237559227 

TDID_GEN4GMU_02TO_100000:  0.372742117966  0.0577964031434  0.723088347478  0.451970525887  0.339584459993  0.254618519407  0.654081043546  0.664728071555  0.0762059757468  0.638598357672  0.165898215487  0.0735933777104 

TDID_GEN4GMU_02TO_10000:  0.173663952752  0.0980502434385  0.456154329646  0.230469980434  0.0546304625295  0.0200836139474  0.222005646848  0.261274415124  0.0873294743523  0.223436055624  0.203643002646  0.053226255687 

